(17, 18)
[[   1.    1.    1.    1.    1.    1.    1.    1.    1.    1.    1.    1.
     1.    1.    1.    1.    1.   17.]
 [   1.    3.    9.   27.   81.  243.  215.  131.  136.  151.  196.   74.
   222.  152.  199.   83.  249.  116.]
 [   1.    9.   81.  215.  136.  196.  222.  199.  249.  185.  123.   79.
   197.  231.   23.  207.   64.  104.]
 [   1.   27.  215.  151.  222.   83.  185.  112.  197.  179.  207.  192.
    44.  160.  208.  219.    2.   91.]
 [   1.   81.  136.  222.  249.  123.  197.   23.   64.   44.  223.   73.
     2.  162.   15.  187.  241.  244.]
 [   1.  243.  196.   83.  123.   77.  207.  186.  223.  219.   18.    5.
   187.  209.  158.  101.  128.   51.]
 [   1.  215.  222.  185.  197.  207.   44.  208.    2.  173.  187.  113.
   137.  157.   88.  159.    4.  243.]
 [   1.  131.  199.  112.   23.  186.  208.    6.   15.  166.  158.  138.
    88.  220.   36.   90.  225.  203.]
 [   1.  136.  249.  197.   64.  223.    2.   15.  241.  137.  128.  189.
     4.   30.  225.   17.  256.   58.]
 [   1.  151.  185.  179.   44.  219.  173.  166.  137.  127.  159.  108.
   117.  191.   57.  126.    8.   92.]
 [   1.  196.  123.  207.  223.   18.  187.  158.  128.  159.   67.   25.
    17.  248.   35.  178.  193.  107.]
 [   1.   74.   79.  192.   73.    5.  113.  138.  189.  108.   25.   51.
   176.  174.   26.  125.  255.    5.]
 [   1.  222.  197.   44.    2.  187.  137.   88.    4.  117.   17.  176.
     8.  234.   34.   95.   16.   37.]
 [   1.  152.  231.  160.  162.  209.  157.  220.   30.  191.  248.  174.
   234.  102.   84.  175.  129.   89.]
 [   1.  199.   23.  208.   15.  158.   88.   36.  225.   57.   35.   26.
    34.   84.   11.  133.  253.   44.]
 [   1.   83.  207.  219.  187.  101.  159.   90.   17.  126.  178.  125.
    95.  175.  133.  245.   32.  117.]
 [   1.  249.   64.    2.  241.  128.    4.  225.  256.    8.  193.  255.
    16.  129.  253.   32.    1.    1.]]
[[   1.    1.    1.    1.    1.    1.    1.    1.    1.    1.    1.    1.
     1.    1.    1.    1.    1.   17.]
 [   0.    2.    8.   26.   80.  242.  214.  130.  135.  150.  195.   73.
   221.  151.  198.   82.  248.   99.]
 [   0.    8.   80.  214.  135.  195.  221.  198.  248.  184.  122.   78.
   196.  230.   22.  206.   63.   87.]
 [   0.   26.  214.  150.  221.   82.  184.  111.  196.  178.  206.  191.
    43.  159.  207.  218.    1.   74.]
 [   0.   80.  135.  221.  248.  122.  196.   22.   63.   43.  222.   72.
     1.  161.   14.  186.  240.  227.]
 [   0.  242.  195.   82.  122.   76.  206.  185.  222.  218.   17.    4.
   186.  208.  157.  100.  127.   34.]
 [   0.  214.  221.  184.  196.  206.   43.  207.    1.  172.  186.  112.
   136.  156.   87.  158.    3.  226.]
 [   0.  130.  198.  111.   22.  185.  207.    5.   14.  165.  157.  137.
    87.  219.   35.   89.  224.  186.]
 [   0.  135.  248.  196.   63.  222.    1.   14.  240.  136.  127.  188.
     3.   29.  224.   16.  255.   41.]
 [   0.  150.  184.  178.   43.  218.  172.  165.  136.  126.  158.  107.
   116.  190.   56.  125.    7.   75.]
 [   0.  195.  122.  206.  222.   17.  186.  157.  127.  158.   66.   24.
    16.  247.   34.  177.  192.   90.]
 [   0.   73.   78.  191.   72.    4.  112.  137.  188.  107.   24.   50.
   175.  173.   25.  124.  254.  245.]
 [   0.  221.  196.   43.    1.  186.  136.   87.    3.  116.   16.  175.
     7.  233.   33.   94.   15.   20.]
 [   0.  151.  230.  159.  161.  208.  156.  219.   29.  190.  247.  173.
   233.  101.   83.  174.  128.   72.]
 [   0.  198.   22.  207.   14.  157.   87.   35.  224.   56.   34.   25.
    33.   83.   10.  132.  252.   27.]
 [   0.   82.  206.  218.  186.  100.  158.   89.   16.  125.  177.  124.
    94.  174.  132.  244.   31.  100.]
 [   0.  248.   63.    1.  240.  127.    3.  224.  255.    7.  192.  254.
    15.  128.  252.   31.    0.  241.]]
[[   1.    1.    1.    1.    1.    1.    1.    1.    1.    1.    1.    1.
     1.    1.    1.    1.    1.   17.]
 [   0.  248.   63.    1.  240.  127.    3.  224.  255.    7.  192.  254.
    15.  128.  252.   31.    0.  241.]
 [   0.    0.  136.   15.  177.  108.  138.   83.  132.   76.  207.  161.
    38.  201.  246.  205.   63.  187.]
 [   0.    0.  139.  210.  229.  249.  107.  187.   76.   84.  161.   11.
   172.  129.  164.   22.    1.  142.]
 [   0.    0.  181.   30.  154.   23.  137.  157.  188.  248.   44.  131.
   220.  128.  198.  176.  240.  199.]
 [   0.    0.   90.  166.  236.  207.  201.  240.   54.   35.  211.    9.
   161.  166.  251.  134.  127.  232.]
 [   0.    0.  177.   65.  163.  256.  200.   22.  239.  110.  211.  212.
   150.   87.  168.   67.    3.   74.]
 [   0.    0.   80.  154.   62.  249.   79.  128.  185.  209.  189.    8.
   218.   69.   77.  137.  224.   12.]
 [   0.    0.  165.  211.   65.   71.   46.   33.  210.  241.  180.  143.
   228.  150.  149.  224.  255.   58.]
 [   0.    0.  206.  109.  188.  193.  222.  129.   17.  157.   17.   57.
   109.   96.  144.   42.    7.  151.]
 [   0.    0.  202.  142.   25.  113.  251.  213.  255.  224.  114.  216.
    84.   22.   97.  249.  192.   86.]
 [   0.    0.   75.  142.  134.  206.  222.  212.   29.   21.  125.  197.
   211.   69.   13.  147.  254.    1.]
 [   0.    0.  201.   39.   69.  192.  124.  219.   11.   88.   19.  187.
   204.  235.   53.  227.   15.   84.]
 [   0.    0.    2.   33.  247.  140.   35.    8.   24.   79.  213.   37.
   142.  164.  199.  123.  128.   32.]
 [   0.    0.  123.  229.  154.  124.  153.   80.  180.  210.  146.  216.
   106.   72.  157.   43.  252.  189.]
 [   0.    0.    9.  170.  231.  172.   14.  131.  112.   46.  213.   11.
   145.  198.  115.   41.   31.   97.]
 [   0.    0.   22.  169.  219.  156.  129.   37.  106.  123.  152.  158.
    53.  208.  254.  146.  248.  124.]]
[[   1.    1.    1.    1.    1.    1.    1.    1.    1.    1.    1.    1.
     1.    1.    1.    1.    1.   17.]
 [   0.  248.   63.    1.  240.  127.    3.  224.  255.    7.  192.  254.
    15.  128.  252.   31.    0.  241.]
 [   0.    0.  206.  109.  188.  193.  222.  129.   17.  157.   17.   57.
   109.   96.  144.   42.    7.  151.]
 [   0.    0.    0.  240.  177.  130.   62.  206.  208.  139.   36.  121.
   202.  179.  239.   76.   10.  226.]
 [   0.    0.    0.  180.  151.  199.  169.  252.   77.    9.  190.  167.
   113.  121.   59.  189.   28.  105.]
 [   0.    0.    0.   56.   84.  215.  109.  256.   84.  176.  241.   34.
    51.  154.  233.  193.   94.  181.]
 [   0.    0.    0.   20.  241.   49.  139.  122.   41.  156.   13.   47.
   105.   12.  184.  243.  118.  205.]
 [   0.    0.    0.  199.  241.  199.  140.   28.  126.  163.  130.  173.
     6.  144.   61.  218.  109.  138.]
 [   0.    0.    0.   95.  129.    0.  220.  148.    8.  114.  235.  146.
   112.  128.  116.  118.   66.   93.]
 [   0.    0.    0.  220.  250.   23.  216.  170.    6.  152.   81.   56.
   243.  200.  116.   60.  253.  247.]
 [   0.    0.    0.   95.  175.   51.  193.   89.  151.   95.   10.  215.
    37.  115.  108.  113.  255.  160.]
 [   0.    0.    0.  136.   93.  127.  231.   54.   54.   10.  150.  175.
   205.   59.  255.  239.   98.   87.]
 [   0.    0.    0.  136.  175.  227.  107.   32.   78.  223.   86.  200.
    44.   54.  167.  196.  224.  150.]
 [   0.    0.    0.    2.   78.  203.  210.  134.  196.   65.  128.    9.
   111.  198.  250.  170.   93.   48.]
 [   0.    0.    0.  250.  169.   15.  250.  119.  221.  120.  187.   36.
   127.  107.   81.  235.   27.  145.]
 [   0.    0.    0.  159.  113.   70.  159.  184.  115.  240.  216.  142.
   134.   94.  216.  124.    2.  169.]
 [   0.    0.    0.   85.  159.   78.  255.  138.  199.  226.  245.  107.
   226.   68.   44.  149.  120.   43.]]
[[   1.    1.    1.    1.    1.    1.    1.    1.    1.    1.    1.    1.
     1.    1.    1.    1.    1.   17.]
 [   0.  248.   63.    1.  240.  127.    3.  224.  255.    7.  192.  254.
    15.  128.  252.   31.    0.  241.]
 [   0.    0.  206.  109.  188.  193.  222.  129.   17.  157.   17.   57.
   109.   96.  144.   42.    7.  151.]
 [   0.    0.    0.  250.  169.   15.  250.  119.  221.  120.  187.   36.
   127.  107.   81.  235.   27.  145.]
 [   0.    0.    0.    0.   91.   34.  246.  228.  216.  231.  189.   28.
     1.  229.  196.  174.  245.   52.]
 [   0.    0.    0.    0.  151.   78.   53.  180.   53.  108.  195.   65.
    39.  239.  110.   17.   53.   56.]
 [   0.    0.    0.    0.   63.  202.  119.  205.   85.   95.   70.    3.
    64.   24.   85.   70.   85.  142.]
 [   0.    0.    0.    0.   89.   38.  198.   70.  204.  160.  196.   95.
   202.  212.   14.  180.  179.   38.]
 [   0.    0.    0.    0.  183.   20.  125.  221.  217.   17.   56.  194.
   110.  185.  224.    3.  102.  115.]
 [   0.    0.    0.    0.   91.  164.  253.   55.  233.  252.  194.   86.
    49.   75.   55.  213.  147.   68.]
 [   0.    0.    0.    0.  229.   71.   98.  162.  103.  255.   88.    6.
    35.  172.  216.  255.   34.  182.]
 [   0.    0.    0.    0.  219.   88.   95.   53.  199.  212.   75.   30.
    29.  192.  250.  142.  182.  224.]
 [   0.    0.    0.    0.   44.  188.  228.   31.  223.  168.   11.   55.
   125.  187.  162.   99.   51.   30.]
 [   0.    0.    0.    0.  163.  244.  208.  168.  149.  136.  108.   56.
   184.   45.  163.  127.   64.   16.]
 [   0.    0.    0.    0.   97.  167.   79.  174.  222.  178.  206.  107.
   224.   66.   79.   56.  128.  241.]
 [   0.    0.    0.    0.   60.  117.    0.   60.  105.  102.  168.  152.
   155.  138.  110.  175.  138.  195.]
 [   0.    0.    0.    0.   45.  150.  170.   41.  129.   31.  166.  177.
   116.  119.   73.  249.   44.  225.]]
[[   1.    1.    1.    1.    1.    1.    1.    1.    1.    1.    1.    1.
     1.    1.    1.    1.    1.   17.]
 [   0.  248.   63.    1.  240.  127.    3.  224.  255.    7.  192.  254.
    15.  128.  252.   31.    0.  241.]
 [   0.    0.  206.  109.  188.  193.  222.  129.   17.  157.   17.   57.
   109.   96.  144.   42.    7.  151.]
 [   0.    0.    0.  250.  169.   15.  250.  119.  221.  120.  187.   36.
   127.  107.   81.  235.   27.  145.]
 [   0.    0.    0.    0.  229.   71.   98.  162.  103.  255.   88.    6.
    35.  172.  216.  255.   34.  182.]
 [   0.    0.    0.    0.    0.  158.  196.   44.  122.  189.  229.   79.
    35.  212.  100.   98.  218.  138.]
 [   0.    0.    0.    0.    0.  169.  211.  184.  124.  219.   11.  145.
   207.  154.   57.  194.   33.  166.]
 [   0.    0.    0.    0.    0.  126.  124.  126.  100.  172.  182.   59.
   249.  208.    3.  192.  232.  231.]
 [   0.    0.    0.    0.    0.   71.  123.  160.  110.   59.    7.   68.
   146.  171.   57.   45.  159.  148.]
 [   0.    0.    0.    0.    0.  202.  186.  196.  118.  117.  223.  234.
   227.  120.  243.   78.  129.   17.]
 [   0.    0.    0.    0.    0.   72.  179.  112.  101.   96.  218.  176.
   179.   17.  127.   39.  227.    1.]
 [   0.    0.    0.    0.    0.   10.  219.  237.  151.  178.   29.  132.
   110.   32.   67.  108.  246.  234.]
 [   0.    0.    0.    0.    0.  116.  125.  102.  238.   18.  186.  248.
   180.  237.  171.  206.   31.   59.]
 [   0.    0.    0.    0.    0.   24.  136.   28.  152.  106.  143.  146.
   195.   55.   62.   97.   60.  176.]
 [   0.    0.    0.    0.    0.   55.   33.   56.   74.  116.  107.   36.
    24.    1.   93.  251.  154.  229.]
 [   0.    0.    0.    0.    0.  159.  210.   40.   32.   61.  173.   18.
   230.   66.  169.  134.   64.   71.]
 [   0.    0.    0.    0.    0.   53.  199.   26.   10.  193.  234.  205.
   108.   65.   53.  154.  117.  132.]]
[[   1.    1.    1.    1.    1.    1.    1.    1.    1.    1.    1.    1.
     1.    1.    1.    1.    1.   17.]
 [   0.  248.   63.    1.  240.  127.    3.  224.  255.    7.  192.  254.
    15.  128.  252.   31.    0.  241.]
 [   0.    0.  206.  109.  188.  193.  222.  129.   17.  157.   17.   57.
   109.   96.  144.   42.    7.  151.]
 [   0.    0.    0.  250.  169.   15.  250.  119.  221.  120.  187.   36.
   127.  107.   81.  235.   27.  145.]
 [   0.    0.    0.    0.  229.   71.   98.  162.  103.  255.   88.    6.
    35.  172.  216.  255.   34.  182.]
 [   0.    0.    0.    0.    0.  202.  186.  196.  118.  117.  223.  234.
   227.  120.  243.   78.  129.   17.]
 [   0.    0.    0.    0.    0.    0.  119.   76.   38.  186.   14.   79.
   255.  219.   28.  172.  135.   36.]
 [   0.    0.    0.    0.    0.    0.  209.   47.  118.  155.   20.   25.
   227.   39.   27.   95.  121.   55.]
 [   0.    0.    0.    0.    0.    0.   22.  142.   10.  182.  136.   57.
   154.  139.   95.  127.  176.  212.]
 [   0.    0.    0.    0.    0.    0.  221.   51.  218.  184.  136.   69.
    89.  253.  228.    9.  140.   56.]
 [   0.    0.    0.    0.    0.    0.   44.  177.  148.  123.   52.  230.
    93.  104.  104.   57.  237.   84.]
 [   0.    0.    0.    0.    0.    0.  136.   39.   79.  246.  163.   11.
   198.  194.  228.  239.  176.  167.]
 [   0.    0.    0.    0.    0.    0.   36.  221.   71.  190.  147.   78.
    70.  163.   34.  235.  247.  207.]
 [   0.    0.    0.    0.    0.    0.   91.  221.   82.  115.    2.  164.
   252.   84.  140.  103.  149.  118.]
 [   0.    0.    0.    0.    0.    0.  219.  252.  192.  233.   73.   13.
   251.  121.   79.   72.   26.  246.]
 [   0.    0.    0.    0.    0.    0.  201.  130.   18.  217.   42.   73.
   190.  226.  236.  238.  236.    8.]
 [   0.    0.    0.    0.    0.    0.  196.   56.   91.  245.   19.   52.
     9.  204.  161.  103.    3.  111.]]
[[   1.    1.    1.    1.    1.    1.    1.    1.    1.    1.    1.    1.
     1.    1.    1.    1.    1.   17.]
 [   0.  248.   63.    1.  240.  127.    3.  224.  255.    7.  192.  254.
    15.  128.  252.   31.    0.  241.]
 [   0.    0.  206.  109.  188.  193.  222.  129.   17.  157.   17.   57.
   109.   96.  144.   42.    7.  151.]
 [   0.    0.    0.  250.  169.   15.  250.  119.  221.  120.  187.   36.
   127.  107.   81.  235.   27.  145.]
 [   0.    0.    0.    0.  229.   71.   98.  162.  103.  255.   88.    6.
    35.  172.  216.  255.   34.  182.]
 [   0.    0.    0.    0.    0.  202.  186.  196.  118.  117.  223.  234.
   227.  120.  243.   78.  129.   17.]
 [   0.    0.    0.    0.    0.    0.  221.   51.  218.  184.  136.   69.
    89.  253.  228.    9.  140.   56.]
 [   0.    0.    0.    0.    0.    0.    0.  236.  170.   81.   10.  190.
   194.  130.  237.   83.   20.   66.]
 [   0.    0.    0.    0.    0.    0.    0.  216.   29.   66.  162.  142.
   137.  108.   63.    4.  233.  132.]
 [   0.    0.    0.    0.    0.    0.    0.    9.   59.  166.  178.  200.
   128.   63.  182.    9.  198.  164.]
 [   0.    0.    0.    0.    0.    0.    0.   68.  186.  148.  104.  143.
    59.   42.   40.   68.   94.  181.]
 [   0.    0.    0.    0.    0.    0.    0.  146.  103.  113.   20.  186.
   163.  236.  147.   16.  248.   93.]
 [   0.    0.    0.    0.    0.    0.    0.   15.   32.  117.   26.  147.
   159.  159.    5.  244.  130.    6.]
 [   0.    0.    0.    0.    0.    0.    0.  200.  219.    9.  203.   60.
   170.  131.   31.  190.   46.  231.]
 [   0.    0.    0.    0.    0.    0.    0.  241.   19.  153.  215.  240.
     0.   11.  181.  191.   21.  244.]
 [   0.    0.    0.    0.    0.    0.    0.  222.  250.   45.  116.  137.
    23.  118.  224.  224.  161.  235.]
 [   0.    0.    0.    0.    0.    0.    0.  248.   50.   76.   17.   85.
   208.   68.  203.  152.  137.  216.]]
[[   1.    1.    1.    1.    1.    1.    1.    1.    1.    1.    1.    1.
     1.    1.    1.    1.    1.   17.]
 [   0.  248.   63.    1.  240.  127.    3.  224.  255.    7.  192.  254.
    15.  128.  252.   31.    0.  241.]
 [   0.    0.  206.  109.  188.  193.  222.  129.   17.  157.   17.   57.
   109.   96.  144.   42.    7.  151.]
 [   0.    0.    0.  250.  169.   15.  250.  119.  221.  120.  187.   36.
   127.  107.   81.  235.   27.  145.]
 [   0.    0.    0.    0.  229.   71.   98.  162.  103.  255.   88.    6.
    35.  172.  216.  255.   34.  182.]
 [   0.    0.    0.    0.    0.  202.  186.  196.  118.  117.  223.  234.
   227.  120.  243.   78.  129.   17.]
 [   0.    0.    0.    0.    0.    0.  221.   51.  218.  184.  136.   69.
    89.  253.  228.    9.  140.   56.]
 [   0.    0.    0.    0.    0.    0.    0.  248.   50.   76.   17.   85.
   208.   68.  203.  152.  137.  216.]
 [   0.    0.    0.    0.    0.    0.    0.    0.  201.   91.   56.  126.
   246.  198.   52.   54.  180.  176.]
 [   0.    0.    0.    0.    0.    0.    0.    0.  109.  242.  195.   28.
    79.  131.  128.  161.   78.  123.]
 [   0.    0.    0.    0.    0.    0.    0.    0.  164.   94.    4.  157.
    60.  156.  146.  217.   44.   14.]
 [   0.    0.    0.    0.    0.    0.    0.    0.   86.  118.  153.   80.
    82.  254.   42.   26.  186.  256.]
 [   0.    0.    0.    0.    0.    0.    0.    0.  201.  158.  140.  203.
   163.  101.  172.   69.  187.  109.]
 [   0.    0.    0.    0.    0.    0.    0.    0.  245.  213.  181.  207.
    52.   43.  116.   84.   35.  148.]
 [   0.    0.    0.    0.    0.    0.    0.    0.  130.   75.   42.  146.
    30.   90.   20.   35.   63.  117.]
 [   0.    0.    0.    0.    0.    0.    0.    0.   27.   35.  107.   92.
   185.   82.  177.  204.   28.  166.]
 [   0.    0.    0.    0.    0.    0.    0.    0.  139.   75.   56.  163.
   137.   57.  106.   71.   43.   76.]]
[[   1.    1.    1.    1.    1.    1.    1.    1.    1.    1.    1.    1.
     1.    1.    1.    1.    1.   17.]
 [   0.  248.   63.    1.  240.  127.    3.  224.  255.    7.  192.  254.
    15.  128.  252.   31.    0.  241.]
 [   0.    0.  206.  109.  188.  193.  222.  129.   17.  157.   17.   57.
   109.   96.  144.   42.    7.  151.]
 [   0.    0.    0.  250.  169.   15.  250.  119.  221.  120.  187.   36.
   127.  107.   81.  235.   27.  145.]
 [   0.    0.    0.    0.  229.   71.   98.  162.  103.  255.   88.    6.
    35.  172.  216.  255.   34.  182.]
 [   0.    0.    0.    0.    0.  202.  186.  196.  118.  117.  223.  234.
   227.  120.  243.   78.  129.   17.]
 [   0.    0.    0.    0.    0.    0.  221.   51.  218.  184.  136.   69.
    89.  253.  228.    9.  140.   56.]
 [   0.    0.    0.    0.    0.    0.    0.  248.   50.   76.   17.   85.
   208.   68.  203.  152.  137.  216.]
 [   0.    0.    0.    0.    0.    0.    0.    0.  245.  213.  181.  207.
    52.   43.  116.   84.   35.  148.]
 [   0.    0.    0.    0.    0.    0.    0.    0.    0.  185.  190.   45.
   123.   29.   68.  153.  246.   11.]
 [   0.    0.    0.    0.    0.    0.    0.    0.    0.  178.   79.  159.
   171.  144.   18.   80.   94.  152.]
 [   0.    0.    0.    0.    0.    0.    0.    0.    0.  231.  208.  150.
   112.   91.  188.  114.  137.  203.]
 [   0.    0.    0.    0.    0.    0.    0.    0.    0.  192.  152.    8.
     6.  243.   59.  191.  195.   18.]
 [   0.    0.    0.    0.    0.    0.    0.    0.    0.  125.   68.  188.
    89.   83.  196.  176.  188.   85.]
 [   0.    0.    0.    0.    0.    0.    0.    0.    0.  198.  161.  204.
   165.  256.  163.  174.  228.    7.]
 [   0.    0.    0.    0.    0.    0.    0.    0.    0.  193.  193.  108.
    45.  243.  181.  136.  171.  242.]
 [   0.    0.    0.    0.    0.    0.    0.    0.    0.  165.  118.   55.
    54.  191.   79.   16.  170.   77.]]
[[   1.    1.    1.    1.    1.    1.    1.    1.    1.    1.    1.    1.
     1.    1.    1.    1.    1.   17.]
 [   0.  248.   63.    1.  240.  127.    3.  224.  255.    7.  192.  254.
    15.  128.  252.   31.    0.  241.]
 [   0.    0.  206.  109.  188.  193.  222.  129.   17.  157.   17.   57.
   109.   96.  144.   42.    7.  151.]
 [   0.    0.    0.  250.  169.   15.  250.  119.  221.  120.  187.   36.
   127.  107.   81.  235.   27.  145.]
 [   0.    0.    0.    0.  229.   71.   98.  162.  103.  255.   88.    6.
    35.  172.  216.  255.   34.  182.]
 [   0.    0.    0.    0.    0.  202.  186.  196.  118.  117.  223.  234.
   227.  120.  243.   78.  129.   17.]
 [   0.    0.    0.    0.    0.    0.  221.   51.  218.  184.  136.   69.
    89.  253.  228.    9.  140.   56.]
 [   0.    0.    0.    0.    0.    0.    0.  248.   50.   76.   17.   85.
   208.   68.  203.  152.  137.  216.]
 [   0.    0.    0.    0.    0.    0.    0.    0.  245.  213.  181.  207.
    52.   43.  116.   84.   35.  148.]
 [   0.    0.    0.    0.    0.    0.    0.    0.    0.  231.  208.  150.
   112.   91.  188.  114.  137.  203.]
 [   0.    0.    0.    0.    0.    0.    0.    0.    0.    0.  218.  237.
   147.  253.  198.  129.   83.  237.]
 [   0.    0.    0.    0.    0.    0.    0.    0.    0.    0.  128.   25.
   228.   34.  180.   35.    5.  121.]
 [   0.    0.    0.    0.    0.    0.    0.    0.    0.    0.  146.  147.
   240.  144.  103.  163.  238.  153.]
 [   0.    0.    0.    0.    0.    0.    0.    0.    0.    0.   40.  237.
   153.  135.  230.  131.   46.  201.]
 [   0.    0.    0.    0.    0.    0.    0.    0.    0.    0.  203.    2.
    69.  178.  112.  113.  184.   90.]
 [   0.    0.    0.    0.    0.    0.    0.    0.    0.    0.  195.  233.
   224.   19.  252.  231.   71.  197.]
 [   0.    0.    0.    0.    0.    0.    0.    0.    0.    0.  153.   58.
   231.  126.  165.    8.  219.  189.]]
[[   1.    1.    1.    1.    1.    1.    1.    1.    1.    1.    1.    1.
     1.    1.    1.    1.    1.   17.]
 [   0.  248.   63.    1.  240.  127.    3.  224.  255.    7.  192.  254.
    15.  128.  252.   31.    0.  241.]
 [   0.    0.  206.  109.  188.  193.  222.  129.   17.  157.   17.   57.
   109.   96.  144.   42.    7.  151.]
 [   0.    0.    0.  250.  169.   15.  250.  119.  221.  120.  187.   36.
   127.  107.   81.  235.   27.  145.]
 [   0.    0.    0.    0.  229.   71.   98.  162.  103.  255.   88.    6.
    35.  172.  216.  255.   34.  182.]
 [   0.    0.    0.    0.    0.  202.  186.  196.  118.  117.  223.  234.
   227.  120.  243.   78.  129.   17.]
 [   0.    0.    0.    0.    0.    0.  221.   51.  218.  184.  136.   69.
    89.  253.  228.    9.  140.   56.]
 [   0.    0.    0.    0.    0.    0.    0.  248.   50.   76.   17.   85.
   208.   68.  203.  152.  137.  216.]
 [   0.    0.    0.    0.    0.    0.    0.    0.  245.  213.  181.  207.
    52.   43.  116.   84.   35.  148.]
 [   0.    0.    0.    0.    0.    0.    0.    0.    0.  231.  208.  150.
   112.   91.  188.  114.  137.  203.]
 [   0.    0.    0.    0.    0.    0.    0.    0.    0.    0.  218.  237.
   147.  253.  198.  129.   83.  237.]
 [   0.    0.    0.    0.    0.    0.    0.    0.    0.    0.    0.  190.
   236.   67.  217.   63.   27.   29.]
 [   0.    0.    0.    0.    0.    0.    0.    0.    0.    0.    0.   26.
   217.   17.   93.  211.  239.   32.]
 [   0.    0.    0.    0.    0.    0.    0.    0.    0.    0.    0.  144.
    27.   65.   97.  204.   85.  108.]
 [   0.    0.    0.    0.    0.    0.    0.    0.    0.    0.    0.   89.
   162.  144.  253.   53.  247.  177.]
 [   0.    0.    0.    0.    0.    0.    0.    0.    0.    0.    0.  133.
   188.  256.  214.  105.  229.   97.]
 [   0.    0.    0.    0.    0.    0.    0.    0.    0.    0.    0.  197.
    96.   51.  151.  178.  169.   71.]]
[[   1.    1.    1.    1.    1.    1.    1.    1.    1.    1.    1.    1.
     1.    1.    1.    1.    1.   17.]
 [   0.  248.   63.    1.  240.  127.    3.  224.  255.    7.  192.  254.
    15.  128.  252.   31.    0.  241.]
 [   0.    0.  206.  109.  188.  193.  222.  129.   17.  157.   17.   57.
   109.   96.  144.   42.    7.  151.]
 [   0.    0.    0.  250.  169.   15.  250.  119.  221.  120.  187.   36.
   127.  107.   81.  235.   27.  145.]
 [   0.    0.    0.    0.  229.   71.   98.  162.  103.  255.   88.    6.
    35.  172.  216.  255.   34.  182.]
 [   0.    0.    0.    0.    0.  202.  186.  196.  118.  117.  223.  234.
   227.  120.  243.   78.  129.   17.]
 [   0.    0.    0.    0.    0.    0.  221.   51.  218.  184.  136.   69.
    89.  253.  228.    9.  140.   56.]
 [   0.    0.    0.    0.    0.    0.    0.  248.   50.   76.   17.   85.
   208.   68.  203.  152.  137.  216.]
 [   0.    0.    0.    0.    0.    0.    0.    0.  245.  213.  181.  207.
    52.   43.  116.   84.   35.  148.]
 [   0.    0.    0.    0.    0.    0.    0.    0.    0.  231.  208.  150.
   112.   91.  188.  114.  137.  203.]
 [   0.    0.    0.    0.    0.    0.    0.    0.    0.    0.  218.  237.
   147.  253.  198.  129.   83.  237.]
 [   0.    0.    0.    0.    0.    0.    0.    0.    0.    0.    0.  197.
    96.   51.  151.  178.  169.   71.]
 [   0.    0.    0.    0.    0.    0.    0.    0.    0.    0.    0.    0.
    53.  219.  167.   14.  218.  157.]
 [   0.    0.    0.    0.    0.    0.    0.    0.    0.    0.    0.    0.
   206.  136.  151.  220.   28.  227.]
 [   0.    0.    0.    0.    0.    0.    0.    0.    0.    0.    0.    0.
   253.  104.  190.  120.  185.   81.]
 [   0.    0.    0.    0.    0.    0.    0.    0.    0.    0.    0.    0.
    41.  202.   39.  234.  171.  173.]
 [   0.    0.    0.    0.    0.    0.    0.    0.    0.    0.    0.    0.
    26.  100.  224.   27.   91.  211.]]
[[   1.    1.    1.    1.    1.    1.    1.    1.    1.    1.    1.    1.
     1.    1.    1.    1.    1.   17.]
 [   0.  248.   63.    1.  240.  127.    3.  224.  255.    7.  192.  254.
    15.  128.  252.   31.    0.  241.]
 [   0.    0.  206.  109.  188.  193.  222.  129.   17.  157.   17.   57.
   109.   96.  144.   42.    7.  151.]
 [   0.    0.    0.  250.  169.   15.  250.  119.  221.  120.  187.   36.
   127.  107.   81.  235.   27.  145.]
 [   0.    0.    0.    0.  229.   71.   98.  162.  103.  255.   88.    6.
    35.  172.  216.  255.   34.  182.]
 [   0.    0.    0.    0.    0.  202.  186.  196.  118.  117.  223.  234.
   227.  120.  243.   78.  129.   17.]
 [   0.    0.    0.    0.    0.    0.  221.   51.  218.  184.  136.   69.
    89.  253.  228.    9.  140.   56.]
 [   0.    0.    0.    0.    0.    0.    0.  248.   50.   76.   17.   85.
   208.   68.  203.  152.  137.  216.]
 [   0.    0.    0.    0.    0.    0.    0.    0.  245.  213.  181.  207.
    52.   43.  116.   84.   35.  148.]
 [   0.    0.    0.    0.    0.    0.    0.    0.    0.  231.  208.  150.
   112.   91.  188.  114.  137.  203.]
 [   0.    0.    0.    0.    0.    0.    0.    0.    0.    0.  218.  237.
   147.  253.  198.  129.   83.  237.]
 [   0.    0.    0.    0.    0.    0.    0.    0.    0.    0.    0.  197.
    96.   51.  151.  178.  169.   71.]
 [   0.    0.    0.    0.    0.    0.    0.    0.    0.    0.    0.    0.
   253.  104.  190.  120.  185.   81.]
 [   0.    0.    0.    0.    0.    0.    0.    0.    0.    0.    0.    0.
     0.   95.  170.  232.  175.  158.]
 [   0.    0.    0.    0.    0.    0.    0.    0.    0.    0.    0.    0.
     0.   55.  243.   62.   35.  138.]
 [   0.    0.    0.    0.    0.    0.    0.    0.    0.    0.    0.    0.
     0.  240.   59.  179.  204.  168.]
 [   0.    0.    0.    0.    0.    0.    0.    0.    0.    0.    0.    0.
     0.    5.  174.   36.  137.   95.]]
[[   1.    1.    1.    1.    1.    1.    1.    1.    1.    1.    1.    1.
     1.    1.    1.    1.    1.   17.]
 [   0.  248.   63.    1.  240.  127.    3.  224.  255.    7.  192.  254.
    15.  128.  252.   31.    0.  241.]
 [   0.    0.  206.  109.  188.  193.  222.  129.   17.  157.   17.   57.
   109.   96.  144.   42.    7.  151.]
 [   0.    0.    0.  250.  169.   15.  250.  119.  221.  120.  187.   36.
   127.  107.   81.  235.   27.  145.]
 [   0.    0.    0.    0.  229.   71.   98.  162.  103.  255.   88.    6.
    35.  172.  216.  255.   34.  182.]
 [   0.    0.    0.    0.    0.  202.  186.  196.  118.  117.  223.  234.
   227.  120.  243.   78.  129.   17.]
 [   0.    0.    0.    0.    0.    0.  221.   51.  218.  184.  136.   69.
    89.  253.  228.    9.  140.   56.]
 [   0.    0.    0.    0.    0.    0.    0.  248.   50.   76.   17.   85.
   208.   68.  203.  152.  137.  216.]
 [   0.    0.    0.    0.    0.    0.    0.    0.  245.  213.  181.  207.
    52.   43.  116.   84.   35.  148.]
 [   0.    0.    0.    0.    0.    0.    0.    0.    0.  231.  208.  150.
   112.   91.  188.  114.  137.  203.]
 [   0.    0.    0.    0.    0.    0.    0.    0.    0.    0.  218.  237.
   147.  253.  198.  129.   83.  237.]
 [   0.    0.    0.    0.    0.    0.    0.    0.    0.    0.    0.  197.
    96.   51.  151.  178.  169.   71.]
 [   0.    0.    0.    0.    0.    0.    0.    0.    0.    0.    0.    0.
   253.  104.  190.  120.  185.   81.]
 [   0.    0.    0.    0.    0.    0.    0.    0.    0.    0.    0.    0.
     0.  240.   59.  179.  204.  168.]
 [   0.    0.    0.    0.    0.    0.    0.    0.    0.    0.    0.    0.
     0.    0.  192.  112.  181.  228.]
 [   0.    0.    0.    0.    0.    0.    0.    0.    0.    0.    0.    0.
     0.    0.  152.   38.   30.  220.]
 [   0.    0.    0.    0.    0.    0.    0.    0.    0.    0.    0.    0.
     0.    0.  146.  134.  197.  220.]]
[[   1.    1.    1.    1.    1.    1.    1.    1.    1.    1.    1.    1.
     1.    1.    1.    1.    1.   17.]
 [   0.  248.   63.    1.  240.  127.    3.  224.  255.    7.  192.  254.
    15.  128.  252.   31.    0.  241.]
 [   0.    0.  206.  109.  188.  193.  222.  129.   17.  157.   17.   57.
   109.   96.  144.   42.    7.  151.]
 [   0.    0.    0.  250.  169.   15.  250.  119.  221.  120.  187.   36.
   127.  107.   81.  235.   27.  145.]
 [   0.    0.    0.    0.  229.   71.   98.  162.  103.  255.   88.    6.
    35.  172.  216.  255.   34.  182.]
 [   0.    0.    0.    0.    0.  202.  186.  196.  118.  117.  223.  234.
   227.  120.  243.   78.  129.   17.]
 [   0.    0.    0.    0.    0.    0.  221.   51.  218.  184.  136.   69.
    89.  253.  228.    9.  140.   56.]
 [   0.    0.    0.    0.    0.    0.    0.  248.   50.   76.   17.   85.
   208.   68.  203.  152.  137.  216.]
 [   0.    0.    0.    0.    0.    0.    0.    0.  245.  213.  181.  207.
    52.   43.  116.   84.   35.  148.]
 [   0.    0.    0.    0.    0.    0.    0.    0.    0.  231.  208.  150.
   112.   91.  188.  114.  137.  203.]
 [   0.    0.    0.    0.    0.    0.    0.    0.    0.    0.  218.  237.
   147.  253.  198.  129.   83.  237.]
 [   0.    0.    0.    0.    0.    0.    0.    0.    0.    0.    0.  197.
    96.   51.  151.  178.  169.   71.]
 [   0.    0.    0.    0.    0.    0.    0.    0.    0.    0.    0.    0.
   253.  104.  190.  120.  185.   81.]
 [   0.    0.    0.    0.    0.    0.    0.    0.    0.    0.    0.    0.
     0.  240.   59.  179.  204.  168.]
 [   0.    0.    0.    0.    0.    0.    0.    0.    0.    0.    0.    0.
     0.    0.  192.  112.  181.  228.]
 [   0.    0.    0.    0.    0.    0.    0.    0.    0.    0.    0.    0.
     0.    0.    0.   35.  133.  168.]
 [   0.    0.    0.    0.    0.    0.    0.    0.    0.    0.    0.    0.
     0.    0.    0.    6.  137.  143.]]
[[   1.    1.    1.    1.    1.    1.    1.    1.    1.    1.    1.    1.
     1.    1.    1.    1.    1.   17.]
 [   0.  248.   63.    1.  240.  127.    3.  224.  255.    7.  192.  254.
    15.  128.  252.   31.    0.  241.]
 [   0.    0.  206.  109.  188.  193.  222.  129.   17.  157.   17.   57.
   109.   96.  144.   42.    7.  151.]
 [   0.    0.    0.  250.  169.   15.  250.  119.  221.  120.  187.   36.
   127.  107.   81.  235.   27.  145.]
 [   0.    0.    0.    0.  229.   71.   98.  162.  103.  255.   88.    6.
    35.  172.  216.  255.   34.  182.]
 [   0.    0.    0.    0.    0.  202.  186.  196.  118.  117.  223.  234.
   227.  120.  243.   78.  129.   17.]
 [   0.    0.    0.    0.    0.    0.  221.   51.  218.  184.  136.   69.
    89.  253.  228.    9.  140.   56.]
 [   0.    0.    0.    0.    0.    0.    0.  248.   50.   76.   17.   85.
   208.   68.  203.  152.  137.  216.]
 [   0.    0.    0.    0.    0.    0.    0.    0.  245.  213.  181.  207.
    52.   43.  116.   84.   35.  148.]
 [   0.    0.    0.    0.    0.    0.    0.    0.    0.  231.  208.  150.
   112.   91.  188.  114.  137.  203.]
 [   0.    0.    0.    0.    0.    0.    0.    0.    0.    0.  218.  237.
   147.  253.  198.  129.   83.  237.]
 [   0.    0.    0.    0.    0.    0.    0.    0.    0.    0.    0.  197.
    96.   51.  151.  178.  169.   71.]
 [   0.    0.    0.    0.    0.    0.    0.    0.    0.    0.    0.    0.
   253.  104.  190.  120.  185.   81.]
 [   0.    0.    0.    0.    0.    0.    0.    0.    0.    0.    0.    0.
     0.  240.   59.  179.  204.  168.]
 [   0.    0.    0.    0.    0.    0.    0.    0.    0.    0.    0.    0.
     0.    0.  192.  112.  181.  228.]
 [   0.    0.    0.    0.    0.    0.    0.    0.    0.    0.    0.    0.
     0.    0.    0.   35.  133.  168.]
 [   0.    0.    0.    0.    0.    0.    0.    0.    0.    0.    0.    0.
     0.    0.    0.    0.  217.  217.]]
[1.0, 1.0, 1.0, 1.0, 1.0, 1.0, 1.0, 1.0, 1.0, 1.0, 1.0, 1.0, 1.0, 1.0, 1.0, 1.0, 1.0]
(18, 19)
[[   1.    1.    1.    1.    1.    1.    1.    1.    1.    1.    1.    1.
     1.    1.    1.    1.    1.    1.   18.]
 [   1.    3.    9.   27.   81.  243.  215.  131.  136.  151.  196.   74.
   222.  152.  199.   83.  249.  233.   92.]
 [   1.    9.   81.  215.  136.  196.  222.  199.  249.  185.  123.   79.
   197.  231.   23.  207.   64.   62.  166.]
 [   1.   27.  215.  151.  222.   83.  185.  112.  197.  179.  207.  192.
    44.  160.  208.  219.    2.   54.  145.]
 [   1.   81.  136.  222.  249.  123.  197.   23.   64.   44.  223.   73.
     2.  162.   15.  187.  241.  246.  233.]
 [   1.  243.  196.   83.  123.   77.  207.  186.  223.  219.   18.    5.
   187.  209.  158.  101.  128.    7.   58.]
 [   1.  215.  222.  185.  197.  207.   44.  208.    2.  173.  187.  113.
   137.  157.   88.  159.    4.   89.   75.]
 [   1.  131.  199.  112.   23.  186.  208.    6.   15.  166.  158.  138.
    88.  220.   36.   90.  225.  177.  123.]
 [   1.  136.  249.  197.   64.  223.    2.   15.  241.  137.  128.  189.
     4.   30.  225.   17.  256.  121.  179.]
 [   1.  151.  185.  179.   44.  219.  173.  166.  137.  127.  159.  108.
   117.  191.   57.  126.    8.  180.   15.]
 [   1.  196.  123.  207.  223.   18.  187.  158.  128.  159.   67.   25.
    17.  248.   35.  178.  193.   49.  156.]
 [   1.   74.   79.  192.   73.    5.  113.  138.  189.  108.   25.   51.
   176.  174.   26.  125.  255.  109.  114.]
 [   1.  222.  197.   44.    2.  187.  137.   88.    4.  117.   17.  176.
     8.  234.   34.   95.   16.  211.  248.]
 [   1.  152.  231.  160.  162.  209.  157.  220.   30.  191.  248.  174.
   234.  102.   84.  175.  129.   76.  165.]
 [   1.  199.   23.  208.   15.  158.   88.   36.  225.   57.   35.   26.
    34.   84.   11.  133.  253.  232.   19.]
 [   1.   83.  207.  219.  187.  101.  159.   90.   17.  126.  178.  125.
    95.  175.  133.  245.   32.   86.  203.]
 [   1.  249.   64.    2.  241.  128.    4.  225.  256.    8.  193.  255.
    16.  129.  253.   32.    1.   83.  250.]
 [   1.  233.   62.   54.  246.    7.   89.  177.  121.  180.   49.  109.
   211.   76.  232.   86.   83.   64.   61.]]
[[   1.    1.    1.    1.    1.    1.    1.    1.    1.    1.    1.    1.
     1.    1.    1.    1.    1.    1.   18.]
 [   0.    2.    8.   26.   80.  242.  214.  130.  135.  150.  195.   73.
   221.  151.  198.   82.  248.  232.   74.]
 [   0.    8.   80.  214.  135.  195.  221.  198.  248.  184.  122.   78.
   196.  230.   22.  206.   63.   61.  148.]
 [   0.   26.  214.  150.  221.   82.  184.  111.  196.  178.  206.  191.
    43.  159.  207.  218.    1.   53.  127.]
 [   0.   80.  135.  221.  248.  122.  196.   22.   63.   43.  222.   72.
     1.  161.   14.  186.  240.  245.  215.]
 [   0.  242.  195.   82.  122.   76.  206.  185.  222.  218.   17.    4.
   186.  208.  157.  100.  127.    6.   40.]
 [   0.  214.  221.  184.  196.  206.   43.  207.    1.  172.  186.  112.
   136.  156.   87.  158.    3.   88.   57.]
 [   0.  130.  198.  111.   22.  185.  207.    5.   14.  165.  157.  137.
    87.  219.   35.   89.  224.  176.  105.]
 [   0.  135.  248.  196.   63.  222.    1.   14.  240.  136.  127.  188.
     3.   29.  224.   16.  255.  120.  161.]
 [   0.  150.  184.  178.   43.  218.  172.  165.  136.  126.  158.  107.
   116.  190.   56.  125.    7.  179.  254.]
 [   0.  195.  122.  206.  222.   17.  186.  157.  127.  158.   66.   24.
    16.  247.   34.  177.  192.   48.  138.]
 [   0.   73.   78.  191.   72.    4.  112.  137.  188.  107.   24.   50.
   175.  173.   25.  124.  254.  108.   96.]
 [   0.  221.  196.   43.    1.  186.  136.   87.    3.  116.   16.  175.
     7.  233.   33.   94.   15.  210.  230.]
 [   0.  151.  230.  159.  161.  208.  156.  219.   29.  190.  247.  173.
   233.  101.   83.  174.  128.   75.  147.]
 [   0.  198.   22.  207.   14.  157.   87.   35.  224.   56.   34.   25.
    33.   83.   10.  132.  252.  231.    1.]
 [   0.   82.  206.  218.  186.  100.  158.   89.   16.  125.  177.  124.
    94.  174.  132.  244.   31.   85.  185.]
 [   0.  248.   63.    1.  240.  127.    3.  224.  255.    7.  192.  254.
    15.  128.  252.   31.    0.   82.  232.]
 [   0.  232.   61.   53.  245.    6.   88.  176.  120.  179.   48.  108.
   210.   75.  231.   85.   82.   63.   43.]]
[[   1.    1.    1.    1.    1.    1.    1.    1.    1.    1.    1.    1.
     1.    1.    1.    1.    1.    1.   18.]
 [   0.  248.   63.    1.  240.  127.    3.  224.  255.    7.  192.  254.
    15.  128.  252.   31.    0.   82.  232.]
 [   0.    0.  136.   15.  177.  108.  138.   83.  132.   76.  207.  161.
    38.  201.  246.  205.   63.  191.  240.]
 [   0.    0.  139.  210.  229.  249.  107.  187.   76.   84.  161.   11.
   172.  129.  164.   22.    1.   90.  169.]
 [   0.    0.  181.   30.  154.   23.  137.  157.  188.  248.   44.  131.
   220.  128.  198.  176.  240.    3.  107.]
 [   0.    0.   90.  166.  236.  207.  201.  240.   54.   35.  211.    9.
   161.  166.  251.  134.  127.  212.  253.]
 [   0.    0.  177.   65.  163.  256.  200.   22.  239.  110.  211.  212.
   150.   87.  168.   67.    3.   96.  205.]
 [   0.    0.   80.  154.   62.  249.   79.  128.  185.  209.  189.    8.
   218.   69.   77.  137.  224.  104.   58.]
 [   0.    0.  165.  211.   65.   71.   46.   33.  210.  241.  180.  143.
   228.  150.  149.  224.  255.   65.   43.]
 [   0.    0.  206.  109.  188.  193.  222.  129.   17.  157.   17.   57.
   109.   96.  144.   42.    7.  175.  180.]
 [   0.    0.  202.  142.   25.  113.  251.  213.  255.  224.  114.  216.
    84.   22.   97.  249.  192.  197.  196.]
 [   0.    0.   75.  142.  134.  206.  222.  212.   29.   21.  125.  197.
   211.   69.   13.  147.  254.  202.   36.]
 [   0.    0.  201.   39.   69.  192.  124.  219.   11.   88.   19.  187.
   204.  235.   53.  227.   15.  139.   73.]
 [   0.    0.    2.   33.  247.  140.   35.    8.   24.   79.  213.   37.
   142.  164.  199.  123.  128.   23.  213.]
 [   0.    0.  123.  229.  154.  124.  153.   80.  180.  210.  146.  216.
   106.   72.  157.   43.  252.  236.  222.]
 [   0.    0.    9.  170.  231.  172.   14.  131.  112.   46.  213.   11.
   145.  198.  115.   41.   31.    4.  100.]
 [   0.    0.   22.  169.  219.  156.  129.   37.  106.  123.  152.  158.
    53.  208.  254.  146.  248.  136.   97.]
 [   0.    0.  143.  193.  178.   53.  251.  182.   97.  131.  200.  202.
   254.    5.   45.   56.   82.  235.  141.]]
[[   1.    1.    1.    1.    1.    1.    1.    1.    1.    1.    1.    1.
     1.    1.    1.    1.    1.    1.   18.]
 [   0.  248.   63.    1.  240.  127.    3.  224.  255.    7.  192.  254.
    15.  128.  252.   31.    0.   82.  232.]
 [   0.    0.  206.  109.  188.  193.  222.  129.   17.  157.   17.   57.
   109.   96.  144.   42.    7.  175.  180.]
 [   0.    0.    0.  240.  177.  130.   62.  206.  208.  139.   36.  121.
   202.  179.  239.   76.   10.   58.   70.]
 [   0.    0.    0.  180.  151.  199.  169.  252.   77.    9.  190.  167.
   113.  121.   59.  189.   28.  100.  126.]
 [   0.    0.    0.   56.   84.  215.  109.  256.   84.  176.  241.   34.
    51.  154.  233.  193.   94.  158.  102.]
 [   0.    0.    0.   20.  241.   49.  139.  122.   41.  156.   13.   47.
   105.   12.  184.  243.  118.  144.  225.]
 [   0.    0.    0.  199.  241.  199.  140.   28.  126.  163.  130.  173.
     6.  144.   61.  218.  109.   56.   38.]
 [   0.    0.    0.   95.  129.    0.  220.  148.    8.  114.  235.  146.
   112.  128.  116.  118.   66.  223.   66.]
 [   0.    0.    0.  220.  250.   23.  216.  170.    6.  152.   81.   56.
   243.  200.  116.   60.  253.   58.  206.]
 [   0.    0.    0.   95.  175.   51.  193.   89.  151.   95.   10.  215.
    37.  115.  108.  113.  255.  230.   17.]
 [   0.    0.    0.  136.   93.  127.  231.   54.   54.   10.  150.  175.
   205.   59.  255.  239.   98.  157.  210.]
 [   0.    0.    0.  136.  175.  227.  107.   32.   78.  223.   86.  200.
    44.   54.  167.  196.  224.  224.   87.]
 [   0.    0.    0.    2.   78.  203.  210.  134.  196.   65.  128.    9.
   111.  198.  250.  170.   93.  176.   84.]
 [   0.    0.    0.  250.  169.   15.  250.  119.  221.  120.  187.   36.
   127.  107.   81.  235.   27.    8.  127.]
 [   0.    0.    0.  159.  113.   70.  159.  184.  115.  240.  216.  142.
   134.   94.  216.  124.    2.   50.  162.]
 [   0.    0.    0.   85.  159.   78.  255.  138.  199.  226.  245.  107.
   226.   68.   44.  149.  120.   20.  220.]
 [   0.    0.    0.  161.   45.   60.   42.  196.   59.  158.  162.  256.
   222.  123.  222.  204.   21.  252.   41.]]
[[   1.    1.    1.    1.    1.    1.    1.    1.    1.    1.    1.    1.
     1.    1.    1.    1.    1.    1.   18.]
 [   0.  248.   63.    1.  240.  127.    3.  224.  255.    7.  192.  254.
    15.  128.  252.   31.    0.   82.  232.]
 [   0.    0.  206.  109.  188.  193.  222.  129.   17.  157.   17.   57.
   109.   96.  144.   42.    7.  175.  180.]
 [   0.    0.    0.  250.  169.   15.  250.  119.  221.  120.  187.   36.
   127.  107.   81.  235.   27.    8.  127.]
 [   0.    0.    0.    0.   91.   34.  246.  228.  216.  231.  189.   28.
     1.  229.  196.  174.  245.   12.   14.]
 [   0.    0.    0.    0.  151.   78.   53.  180.   53.  108.  195.   65.
    39.  239.  110.   17.   53.  222.   90.]
 [   0.    0.    0.    0.   63.  202.  119.  205.   85.   95.   70.    3.
    64.   24.   85.   70.   85.   20.  184.]
 [   0.    0.    0.    0.   89.   38.  198.   70.  204.  160.  196.   95.
   202.  212.   14.  180.  179.  210.  234.]
 [   0.    0.    0.    0.  183.   20.  125.  221.  217.   17.   56.  194.
   110.  185.  224.    3.  102.  148.   64.]
 [   0.    0.    0.    0.   91.  164.  253.   55.  233.  252.  194.   86.
    49.   75.   55.  213.  147.  236.   12.]
 [   0.    0.    0.    0.  229.   71.   98.  162.  103.  255.   88.    6.
    35.  172.  216.  255.   34.  155.   15.]
 [   0.    0.    0.    0.  219.   88.   95.   53.  199.  212.   75.   30.
    29.  192.  250.  142.  182.  239.   34.]
 [   0.    0.    0.    0.   44.  188.  228.   31.  223.  168.   11.   55.
   125.  187.  162.   99.   51.   49.  168.]
 [   0.    0.    0.    0.  163.  244.  208.  168.  149.  136.  108.   56.
   184.   45.  163.  127.   64.  215.  157.]
 [   0.    0.    0.    0.   97.  167.   79.  174.  222.  178.  206.  107.
   224.   66.   79.   56.  128.  112.   92.]
 [   0.    0.    0.    0.   60.  117.    0.   60.  105.  102.  168.  152.
   155.  138.  110.  175.  138.  195.  183.]
 [   0.    0.    0.    0.   45.  150.  170.   41.  129.   31.  166.  177.
   116.  119.   73.  249.   44.    7.  110.]
 [   0.    0.    0.    0.   77.  148.  138.  106.    2.   91.   94.   56.
    59.   14.   29.  212.  128.  179.  135.]]
[[   1.    1.    1.    1.    1.    1.    1.    1.    1.    1.    1.    1.
     1.    1.    1.    1.    1.    1.   18.]
 [   0.  248.   63.    1.  240.  127.    3.  224.  255.    7.  192.  254.
    15.  128.  252.   31.    0.   82.  232.]
 [   0.    0.  206.  109.  188.  193.  222.  129.   17.  157.   17.   57.
   109.   96.  144.   42.    7.  175.  180.]
 [   0.    0.    0.  250.  169.   15.  250.  119.  221.  120.  187.   36.
   127.  107.   81.  235.   27.    8.  127.]
 [   0.    0.    0.    0.  229.   71.   98.  162.  103.  255.   88.    6.
    35.  172.  216.  255.   34.  155.   15.]
 [   0.    0.    0.    0.    0.  158.  196.   44.  122.  189.  229.   79.
    35.  212.  100.   98.  218.  241.  125.]
 [   0.    0.    0.    0.    0.  169.  211.  184.  124.  219.   11.  145.
   207.  154.   57.  194.   33.  176.   25.]
 [   0.    0.    0.    0.    0.  126.  124.  126.  100.  172.  182.   59.
   249.  208.    3.  192.  232.   51.  144.]
 [   0.    0.    0.    0.    0.   71.  123.  160.  110.   59.    7.   68.
   146.  171.   57.   45.  159.  234.    6.]
 [   0.    0.    0.    0.    0.  202.  186.  196.  118.  117.  223.  234.
   227.  120.  243.   78.  129.   33.  125.]
 [   0.    0.    0.    0.    0.   72.  179.  112.  101.   96.  218.  176.
   179.   17.  127.   39.  227.   66.  127.]
 [   0.    0.    0.    0.    0.   10.  219.  237.  151.  178.   29.  132.
   110.   32.   67.  108.  246.   47.   32.]
 [   0.    0.    0.    0.    0.  116.  125.  102.  238.   18.  186.  248.
   180.  237.  171.  206.   31.  109.    8.]
 [   0.    0.    0.    0.    0.   24.  136.   28.  152.  106.  143.  146.
   195.   55.   62.   97.   60.  227.  125.]
 [   0.    0.    0.    0.    0.   55.   33.   56.   74.  116.  107.   36.
    24.    1.   93.  251.  154.   34.   43.]
 [   0.    0.    0.    0.    0.  159.  210.   40.   32.   61.  173.   18.
   230.   66.  169.  134.   64.  160.  105.]
 [   0.    0.    0.    0.    0.   53.  199.   26.   10.  193.  234.  205.
   108.   65.   53.  154.  117.   45.  180.]
 [   0.    0.    0.    0.    0.   22.   22.  166.  221.  214.   79.  201.
    91.  230.  109.   78.   93.   27.  112.]]
[[   1.    1.    1.    1.    1.    1.    1.    1.    1.    1.    1.    1.
     1.    1.    1.    1.    1.    1.   18.]
 [   0.  248.   63.    1.  240.  127.    3.  224.  255.    7.  192.  254.
    15.  128.  252.   31.    0.   82.  232.]
 [   0.    0.  206.  109.  188.  193.  222.  129.   17.  157.   17.   57.
   109.   96.  144.   42.    7.  175.  180.]
 [   0.    0.    0.  250.  169.   15.  250.  119.  221.  120.  187.   36.
   127.  107.   81.  235.   27.    8.  127.]
 [   0.    0.    0.    0.  229.   71.   98.  162.  103.  255.   88.    6.
    35.  172.  216.  255.   34.  155.   15.]
 [   0.    0.    0.    0.    0.  202.  186.  196.  118.  117.  223.  234.
   227.  120.  243.   78.  129.   33.  125.]
 [   0.    0.    0.    0.    0.    0.  119.   76.   38.  186.   14.   79.
   255.  219.   28.  172.  135.  226.   82.]
 [   0.    0.    0.    0.    0.    0.  209.   47.  118.  155.   20.   25.
   227.   39.   27.   95.  121.  178.  150.]
 [   0.    0.    0.    0.    0.    0.   22.  142.   10.  182.  136.   57.
   154.  139.   95.  127.  176.   71.  144.]
 [   0.    0.    0.    0.    0.    0.  221.   51.  218.  184.  136.   69.
    89.  253.  228.    9.  140.  233.  157.]
 [   0.    0.    0.    0.    0.    0.   44.  177.  148.  123.   52.  230.
    93.  104.  104.   57.  237.  212.   57.]
 [   0.    0.    0.    0.    0.    0.  136.   39.   79.  246.  163.   11.
   198.  194.  228.  239.  176.   53.    8.]
 [   0.    0.    0.    0.    0.    0.   36.  221.   71.  190.  147.   78.
    70.  163.   34.  235.  247.  230.   38.]
 [   0.    0.    0.    0.    0.    0.   91.  221.   82.  115.    2.  164.
   252.   84.  140.  103.  149.  190.   16.]
 [   0.    0.    0.    0.    0.    0.  219.  252.  192.  233.   73.   13.
   251.  121.   79.   72.   26.   67.  168.]
 [   0.    0.    0.    0.    0.    0.  201.  130.   18.  217.   42.   73.
   190.  226.  236.  238.  236.  204.  186.]
 [   0.    0.    0.    0.    0.    0.  196.   56.   91.  245.   19.   52.
     9.  204.  161.  103.    3.  231.  207.]
 [   0.    0.    0.    0.    0.    0.   45.  193.  114.  158.   14.   89.
    79.   21.   52.  212.  196.  143.  162.]]
[[   1.    1.    1.    1.    1.    1.    1.    1.    1.    1.    1.    1.
     1.    1.    1.    1.    1.    1.   18.]
 [   0.  248.   63.    1.  240.  127.    3.  224.  255.    7.  192.  254.
    15.  128.  252.   31.    0.   82.  232.]
 [   0.    0.  206.  109.  188.  193.  222.  129.   17.  157.   17.   57.
   109.   96.  144.   42.    7.  175.  180.]
 [   0.    0.    0.  250.  169.   15.  250.  119.  221.  120.  187.   36.
   127.  107.   81.  235.   27.    8.  127.]
 [   0.    0.    0.    0.  229.   71.   98.  162.  103.  255.   88.    6.
    35.  172.  216.  255.   34.  155.   15.]
 [   0.    0.    0.    0.    0.  202.  186.  196.  118.  117.  223.  234.
   227.  120.  243.   78.  129.   33.  125.]
 [   0.    0.    0.    0.    0.    0.  221.   51.  218.  184.  136.   69.
    89.  253.  228.    9.  140.  233.  157.]
 [   0.    0.    0.    0.    0.    0.    0.  236.  170.   81.   10.  190.
   194.  130.  237.   83.   20.  210.  112.]
 [   0.    0.    0.    0.    0.    0.    0.  216.   29.   66.  162.  142.
   137.  108.   63.    4.  233.  142.  140.]
 [   0.    0.    0.    0.    0.    0.    0.    9.   59.  166.  178.  200.
   128.   63.  182.    9.  198.   61.   37.]
 [   0.    0.    0.    0.    0.    0.    0.   68.  186.  148.  104.  143.
    59.   42.   40.   68.   94.   97.   49.]
 [   0.    0.    0.    0.    0.    0.    0.  146.  103.  113.   20.  186.
   163.  236.  147.   16.  248.   48.   30.]
 [   0.    0.    0.    0.    0.    0.    0.   15.   32.  117.   26.  147.
   159.  159.    5.  244.  130.  206.  195.]
 [   0.    0.    0.    0.    0.    0.    0.  200.  219.    9.  203.   60.
   170.  131.   31.  190.   46.  215.  163.]
 [   0.    0.    0.    0.    0.    0.    0.  241.   19.  153.  215.  240.
     0.   11.  181.  191.   21.  178.  245.]
 [   0.    0.    0.    0.    0.    0.    0.  222.  250.   45.  116.  137.
    23.  118.  224.  224.  161.   70.   56.]
 [   0.    0.    0.    0.    0.    0.    0.  248.   50.   76.   17.   85.
   208.   68.  203.  152.  137.  186.  148.]
 [   0.    0.    0.    0.    0.    0.    0.   64.    1.  131.  184.  111.
   126.   16.   80.  159.  114.  113.   37.]]
[[   1.    1.    1.    1.    1.    1.    1.    1.    1.    1.    1.    1.
     1.    1.    1.    1.    1.    1.   18.]
 [   0.  248.   63.    1.  240.  127.    3.  224.  255.    7.  192.  254.
    15.  128.  252.   31.    0.   82.  232.]
 [   0.    0.  206.  109.  188.  193.  222.  129.   17.  157.   17.   57.
   109.   96.  144.   42.    7.  175.  180.]
 [   0.    0.    0.  250.  169.   15.  250.  119.  221.  120.  187.   36.
   127.  107.   81.  235.   27.    8.  127.]
 [   0.    0.    0.    0.  229.   71.   98.  162.  103.  255.   88.    6.
    35.  172.  216.  255.   34.  155.   15.]
 [   0.    0.    0.    0.    0.  202.  186.  196.  118.  117.  223.  234.
   227.  120.  243.   78.  129.   33.  125.]
 [   0.    0.    0.    0.    0.    0.  221.   51.  218.  184.  136.   69.
    89.  253.  228.    9.  140.  233.  157.]
 [   0.    0.    0.    0.    0.    0.    0.  248.   50.   76.   17.   85.
   208.   68.  203.  152.  137.  186.  148.]
 [   0.    0.    0.    0.    0.    0.    0.    0.  201.   91.   56.  126.
   246.  198.   52.   54.  180.  237.   94.]
 [   0.    0.    0.    0.    0.    0.    0.    0.  109.  242.  195.   28.
    79.  131.  128.  161.   78.  247.  185.]
 [   0.    0.    0.    0.    0.    0.    0.    0.  164.   94.    4.  157.
    60.  156.  146.  217.   44.   46.   25.]
 [   0.    0.    0.    0.    0.    0.    0.    0.   86.  118.  153.   80.
    82.  254.   42.   26.  186.   67.  175.]
 [   0.    0.    0.    0.    0.    0.    0.    0.  201.  158.  140.  203.
   163.  101.  172.   69.  187.    2.   99.]
 [   0.    0.    0.    0.    0.    0.    0.    0.  245.  213.  181.  207.
    52.   43.  116.   84.   35.   65.  168.]
 [   0.    0.    0.    0.    0.    0.    0.    0.  130.   75.   42.  146.
    30.   90.   20.   35.   63.  190.   39.]
 [   0.    0.    0.    0.    0.    0.    0.    0.   27.   35.  107.   92.
   185.   82.  177.  204.   28.   32.   23.]
 [   0.    0.    0.    0.    0.    0.    0.    0.  139.   75.   56.  163.
   137.   57.  106.   71.   43.   33.  195.]
 [   0.    0.    0.    0.    0.    0.    0.    0.   71.  186.  105.  230.
     6.  214.  210.   12.  203.   65.   90.]]
[[   1.    1.    1.    1.    1.    1.    1.    1.    1.    1.    1.    1.
     1.    1.    1.    1.    1.    1.   18.]
 [   0.  248.   63.    1.  240.  127.    3.  224.  255.    7.  192.  254.
    15.  128.  252.   31.    0.   82.  232.]
 [   0.    0.  206.  109.  188.  193.  222.  129.   17.  157.   17.   57.
   109.   96.  144.   42.    7.  175.  180.]
 [   0.    0.    0.  250.  169.   15.  250.  119.  221.  120.  187.   36.
   127.  107.   81.  235.   27.    8.  127.]
 [   0.    0.    0.    0.  229.   71.   98.  162.  103.  255.   88.    6.
    35.  172.  216.  255.   34.  155.   15.]
 [   0.    0.    0.    0.    0.  202.  186.  196.  118.  117.  223.  234.
   227.  120.  243.   78.  129.   33.  125.]
 [   0.    0.    0.    0.    0.    0.  221.   51.  218.  184.  136.   69.
    89.  253.  228.    9.  140.  233.  157.]
 [   0.    0.    0.    0.    0.    0.    0.  248.   50.   76.   17.   85.
   208.   68.  203.  152.  137.  186.  148.]
 [   0.    0.    0.    0.    0.    0.    0.    0.  245.  213.  181.  207.
    52.   43.  116.   84.   35.   65.  168.]
 [   0.    0.    0.    0.    0.    0.    0.    0.    0.  185.  190.   45.
   123.   29.   68.  153.  246.   45.  169.]
 [   0.    0.    0.    0.    0.    0.    0.    0.    0.  178.   79.  159.
   171.  144.   18.   80.   94.  249.    8.]
 [   0.    0.    0.    0.    0.    0.    0.    0.    0.  231.  208.  150.
   112.   91.  188.  114.  137.  233.   94.]
 [   0.    0.    0.    0.    0.    0.    0.    0.    0.  192.  152.    8.
     6.  243.   59.  191.  195.  127.   86.]
 [   0.    0.    0.    0.    0.    0.    0.    0.    0.  125.   68.  188.
    89.   83.  196.  176.  188.  105.   81.]
 [   0.    0.    0.    0.    0.    0.    0.    0.    0.  198.  161.  204.
   165.  256.  163.  174.  228.  166.   60.]
 [   0.    0.    0.    0.    0.    0.    0.    0.    0.  193.  193.  108.
    45.  243.  181.  136.  171.  114.  144.]
 [   0.    0.    0.    0.    0.    0.    0.    0.    0.  165.  118.   55.
    54.  191.   79.   16.  170.  122.   85.]
 [   0.    0.    0.    0.    0.    0.    0.    0.    0.   97.  255.  234.
   228.  190.  211.  252.   46.  214.   56.]]
[[   1.    1.    1.    1.    1.    1.    1.    1.    1.    1.    1.    1.
     1.    1.    1.    1.    1.    1.   18.]
 [   0.  248.   63.    1.  240.  127.    3.  224.  255.    7.  192.  254.
    15.  128.  252.   31.    0.   82.  232.]
 [   0.    0.  206.  109.  188.  193.  222.  129.   17.  157.   17.   57.
   109.   96.  144.   42.    7.  175.  180.]
 [   0.    0.    0.  250.  169.   15.  250.  119.  221.  120.  187.   36.
   127.  107.   81.  235.   27.    8.  127.]
 [   0.    0.    0.    0.  229.   71.   98.  162.  103.  255.   88.    6.
    35.  172.  216.  255.   34.  155.   15.]
 [   0.    0.    0.    0.    0.  202.  186.  196.  118.  117.  223.  234.
   227.  120.  243.   78.  129.   33.  125.]
 [   0.    0.    0.    0.    0.    0.  221.   51.  218.  184.  136.   69.
    89.  253.  228.    9.  140.  233.  157.]
 [   0.    0.    0.    0.    0.    0.    0.  248.   50.   76.   17.   85.
   208.   68.  203.  152.  137.  186.  148.]
 [   0.    0.    0.    0.    0.    0.    0.    0.  245.  213.  181.  207.
    52.   43.  116.   84.   35.   65.  168.]
 [   0.    0.    0.    0.    0.    0.    0.    0.    0.  231.  208.  150.
   112.   91.  188.  114.  137.  233.   94.]
 [   0.    0.    0.    0.    0.    0.    0.    0.    0.    0.  218.  237.
   147.  253.  198.  129.   83.  144.   98.]
 [   0.    0.    0.    0.    0.    0.    0.    0.    0.    0.  128.   25.
   228.   34.  180.   35.    5.  151.  225.]
 [   0.    0.    0.    0.    0.    0.    0.    0.    0.    0.  146.  147.
   240.  144.  103.  163.  238.  187.  108.]
 [   0.    0.    0.    0.    0.    0.    0.    0.    0.    0.   40.  237.
   153.  135.  230.  131.   46.  128.   98.]
 [   0.    0.    0.    0.    0.    0.    0.    0.    0.    0.  203.    2.
    69.  178.  112.  113.  184.    3.  163.]
 [   0.    0.    0.    0.    0.    0.    0.    0.    0.    0.  195.  233.
   224.   19.  252.  231.   71.   94.   51.]
 [   0.    0.    0.    0.    0.    0.    0.    0.    0.    0.  153.   58.
   231.  126.  165.    8.  219.   29.  128.]
 [   0.    0.    0.    0.    0.    0.    0.    0.    0.    0.    3.  161.
    33.  144.    3.  104.   53.  164.  209.]]
[[   1.    1.    1.    1.    1.    1.    1.    1.    1.    1.    1.    1.
     1.    1.    1.    1.    1.    1.   18.]
 [   0.  248.   63.    1.  240.  127.    3.  224.  255.    7.  192.  254.
    15.  128.  252.   31.    0.   82.  232.]
 [   0.    0.  206.  109.  188.  193.  222.  129.   17.  157.   17.   57.
   109.   96.  144.   42.    7.  175.  180.]
 [   0.    0.    0.  250.  169.   15.  250.  119.  221.  120.  187.   36.
   127.  107.   81.  235.   27.    8.  127.]
 [   0.    0.    0.    0.  229.   71.   98.  162.  103.  255.   88.    6.
    35.  172.  216.  255.   34.  155.   15.]
 [   0.    0.    0.    0.    0.  202.  186.  196.  118.  117.  223.  234.
   227.  120.  243.   78.  129.   33.  125.]
 [   0.    0.    0.    0.    0.    0.  221.   51.  218.  184.  136.   69.
    89.  253.  228.    9.  140.  233.  157.]
 [   0.    0.    0.    0.    0.    0.    0.  248.   50.   76.   17.   85.
   208.   68.  203.  152.  137.  186.  148.]
 [   0.    0.    0.    0.    0.    0.    0.    0.  245.  213.  181.  207.
    52.   43.  116.   84.   35.   65.  168.]
 [   0.    0.    0.    0.    0.    0.    0.    0.    0.  231.  208.  150.
   112.   91.  188.  114.  137.  233.   94.]
 [   0.    0.    0.    0.    0.    0.    0.    0.    0.    0.  218.  237.
   147.  253.  198.  129.   83.  144.   98.]
 [   0.    0.    0.    0.    0.    0.    0.    0.    0.    0.    0.  190.
   236.   67.  217.   63.   27.  248.   59.]
 [   0.    0.    0.    0.    0.    0.    0.    0.    0.    0.    0.   26.
   217.   17.   93.  211.  239.  133.    7.]
 [   0.    0.    0.    0.    0.    0.    0.    0.    0.    0.    0.  144.
    27.   65.   97.  204.   85.   78.   14.]
 [   0.    0.    0.    0.    0.    0.    0.    0.    0.    0.    0.   89.
   162.  144.  253.   53.  247.  199.  225.]
 [   0.    0.    0.    0.    0.    0.    0.    0.    0.    0.    0.  133.
   188.  256.  214.  105.  229.   43.   27.]
 [   0.    0.    0.    0.    0.    0.    0.    0.    0.    0.    0.  197.
    96.   51.  151.  178.  169.  159.   38.]
 [   0.    0.    0.    0.    0.    0.    0.    0.    0.    0.    0.  199.
   242.  203.   38.  193.  178.   96.  177.]]
[[   1.    1.    1.    1.    1.    1.    1.    1.    1.    1.    1.    1.
     1.    1.    1.    1.    1.    1.   18.]
 [   0.  248.   63.    1.  240.  127.    3.  224.  255.    7.  192.  254.
    15.  128.  252.   31.    0.   82.  232.]
 [   0.    0.  206.  109.  188.  193.  222.  129.   17.  157.   17.   57.
   109.   96.  144.   42.    7.  175.  180.]
 [   0.    0.    0.  250.  169.   15.  250.  119.  221.  120.  187.   36.
   127.  107.   81.  235.   27.    8.  127.]
 [   0.    0.    0.    0.  229.   71.   98.  162.  103.  255.   88.    6.
    35.  172.  216.  255.   34.  155.   15.]
 [   0.    0.    0.    0.    0.  202.  186.  196.  118.  117.  223.  234.
   227.  120.  243.   78.  129.   33.  125.]
 [   0.    0.    0.    0.    0.    0.  221.   51.  218.  184.  136.   69.
    89.  253.  228.    9.  140.  233.  157.]
 [   0.    0.    0.    0.    0.    0.    0.  248.   50.   76.   17.   85.
   208.   68.  203.  152.  137.  186.  148.]
 [   0.    0.    0.    0.    0.    0.    0.    0.  245.  213.  181.  207.
    52.   43.  116.   84.   35.   65.  168.]
 [   0.    0.    0.    0.    0.    0.    0.    0.    0.  231.  208.  150.
   112.   91.  188.  114.  137.  233.   94.]
 [   0.    0.    0.    0.    0.    0.    0.    0.    0.    0.  218.  237.
   147.  253.  198.  129.   83.  144.   98.]
 [   0.    0.    0.    0.    0.    0.    0.    0.    0.    0.    0.  199.
   242.  203.   38.  193.  178.   96.  177.]
 [   0.    0.    0.    0.    0.    0.    0.    0.    0.    0.    0.    0.
   228.  108.   48.  138.  177.  114.  237.]
 [   0.    0.    0.    0.    0.    0.    0.    0.    0.    0.    0.    0.
   167.   55.   85.  116.  137.  210.  161.]
 [   0.    0.    0.    0.    0.    0.    0.    0.    0.    0.    0.    0.
   170.   70.   10.   70.   15.   45.  182.]
 [   0.    0.    0.    0.    0.    0.    0.    0.    0.    0.    0.    0.
    96.   79.   53.   38.   70.   15.  136.]
 [   0.    0.    0.    0.    0.    0.    0.    0.    0.    0.    0.    0.
   209.   98.  156.  129.  233.  104.   41.]
 [   0.    0.    0.    0.    0.    0.    0.    0.    0.    0.    0.    0.
   178.  218.  244.    4.  167.  208.  178.]]
[[   1.    1.    1.    1.    1.    1.    1.    1.    1.    1.    1.    1.
     1.    1.    1.    1.    1.    1.   18.]
 [   0.  248.   63.    1.  240.  127.    3.  224.  255.    7.  192.  254.
    15.  128.  252.   31.    0.   82.  232.]
 [   0.    0.  206.  109.  188.  193.  222.  129.   17.  157.   17.   57.
   109.   96.  144.   42.    7.  175.  180.]
 [   0.    0.    0.  250.  169.   15.  250.  119.  221.  120.  187.   36.
   127.  107.   81.  235.   27.    8.  127.]
 [   0.    0.    0.    0.  229.   71.   98.  162.  103.  255.   88.    6.
    35.  172.  216.  255.   34.  155.   15.]
 [   0.    0.    0.    0.    0.  202.  186.  196.  118.  117.  223.  234.
   227.  120.  243.   78.  129.   33.  125.]
 [   0.    0.    0.    0.    0.    0.  221.   51.  218.  184.  136.   69.
    89.  253.  228.    9.  140.  233.  157.]
 [   0.    0.    0.    0.    0.    0.    0.  248.   50.   76.   17.   85.
   208.   68.  203.  152.  137.  186.  148.]
 [   0.    0.    0.    0.    0.    0.    0.    0.  245.  213.  181.  207.
    52.   43.  116.   84.   35.   65.  168.]
 [   0.    0.    0.    0.    0.    0.    0.    0.    0.  231.  208.  150.
   112.   91.  188.  114.  137.  233.   94.]
 [   0.    0.    0.    0.    0.    0.    0.    0.    0.    0.  218.  237.
   147.  253.  198.  129.   83.  144.   98.]
 [   0.    0.    0.    0.    0.    0.    0.    0.    0.    0.    0.  199.
   242.  203.   38.  193.  178.   96.  177.]
 [   0.    0.    0.    0.    0.    0.    0.    0.    0.    0.    0.    0.
   228.  108.   48.  138.  177.  114.  237.]
 [   0.    0.    0.    0.    0.    0.    0.    0.    0.    0.    0.    0.
     0.   30.  131.  184.  146.  255.   99.]
 [   0.    0.    0.    0.    0.    0.    0.    0.    0.    0.    0.    0.
     0.    3.  123.  170.  255.  217.  242.]
 [   0.    0.    0.    0.    0.    0.    0.    0.    0.    0.    0.    0.
     0.   20.  141.   34.    9.  224.  185.]
 [   0.    0.    0.    0.    0.    0.    0.    0.    0.    0.    0.    0.
     0.  256.  112.  131.  135.  128.  145.]
 [   0.    0.    0.    0.    0.    0.    0.    0.    0.    0.    0.    0.
     0.   39.  193.   18.  252.  119.  135.]]
[[   1.    1.    1.    1.    1.    1.    1.    1.    1.    1.    1.    1.
     1.    1.    1.    1.    1.    1.   18.]
 [   0.  248.   63.    1.  240.  127.    3.  224.  255.    7.  192.  254.
    15.  128.  252.   31.    0.   82.  232.]
 [   0.    0.  206.  109.  188.  193.  222.  129.   17.  157.   17.   57.
   109.   96.  144.   42.    7.  175.  180.]
 [   0.    0.    0.  250.  169.   15.  250.  119.  221.  120.  187.   36.
   127.  107.   81.  235.   27.    8.  127.]
 [   0.    0.    0.    0.  229.   71.   98.  162.  103.  255.   88.    6.
    35.  172.  216.  255.   34.  155.   15.]
 [   0.    0.    0.    0.    0.  202.  186.  196.  118.  117.  223.  234.
   227.  120.  243.   78.  129.   33.  125.]
 [   0.    0.    0.    0.    0.    0.  221.   51.  218.  184.  136.   69.
    89.  253.  228.    9.  140.  233.  157.]
 [   0.    0.    0.    0.    0.    0.    0.  248.   50.   76.   17.   85.
   208.   68.  203.  152.  137.  186.  148.]
 [   0.    0.    0.    0.    0.    0.    0.    0.  245.  213.  181.  207.
    52.   43.  116.   84.   35.   65.  168.]
 [   0.    0.    0.    0.    0.    0.    0.    0.    0.  231.  208.  150.
   112.   91.  188.  114.  137.  233.   94.]
 [   0.    0.    0.    0.    0.    0.    0.    0.    0.    0.  218.  237.
   147.  253.  198.  129.   83.  144.   98.]
 [   0.    0.    0.    0.    0.    0.    0.    0.    0.    0.    0.  199.
   242.  203.   38.  193.  178.   96.  177.]
 [   0.    0.    0.    0.    0.    0.    0.    0.    0.    0.    0.    0.
   228.  108.   48.  138.  177.  114.  237.]
 [   0.    0.    0.    0.    0.    0.    0.    0.    0.    0.    0.    0.
     0.  256.  112.  131.  135.  128.  145.]
 [   0.    0.    0.    0.    0.    0.    0.    0.    0.    0.    0.    0.
     0.    0.  202.   49.  146.   87.  163.]
 [   0.    0.    0.    0.    0.    0.    0.    0.    0.    0.    0.    0.
     0.    0.   68.   84.  139.  214.    1.]
 [   0.    0.    0.    0.    0.    0.    0.    0.    0.    0.    0.    0.
     0.    0.  150.    2.   84.  240.   80.]
 [   0.    0.    0.    0.    0.    0.    0.    0.    0.    0.    0.    0.
     0.    0.  192.  244.  120.  228.  136.]]
[[   1.    1.    1.    1.    1.    1.    1.    1.    1.    1.    1.    1.
     1.    1.    1.    1.    1.    1.   18.]
 [   0.  248.   63.    1.  240.  127.    3.  224.  255.    7.  192.  254.
    15.  128.  252.   31.    0.   82.  232.]
 [   0.    0.  206.  109.  188.  193.  222.  129.   17.  157.   17.   57.
   109.   96.  144.   42.    7.  175.  180.]
 [   0.    0.    0.  250.  169.   15.  250.  119.  221.  120.  187.   36.
   127.  107.   81.  235.   27.    8.  127.]
 [   0.    0.    0.    0.  229.   71.   98.  162.  103.  255.   88.    6.
    35.  172.  216.  255.   34.  155.   15.]
 [   0.    0.    0.    0.    0.  202.  186.  196.  118.  117.  223.  234.
   227.  120.  243.   78.  129.   33.  125.]
 [   0.    0.    0.    0.    0.    0.  221.   51.  218.  184.  136.   69.
    89.  253.  228.    9.  140.  233.  157.]
 [   0.    0.    0.    0.    0.    0.    0.  248.   50.   76.   17.   85.
   208.   68.  203.  152.  137.  186.  148.]
 [   0.    0.    0.    0.    0.    0.    0.    0.  245.  213.  181.  207.
    52.   43.  116.   84.   35.   65.  168.]
 [   0.    0.    0.    0.    0.    0.    0.    0.    0.  231.  208.  150.
   112.   91.  188.  114.  137.  233.   94.]
 [   0.    0.    0.    0.    0.    0.    0.    0.    0.    0.  218.  237.
   147.  253.  198.  129.   83.  144.   98.]
 [   0.    0.    0.    0.    0.    0.    0.    0.    0.    0.    0.  199.
   242.  203.   38.  193.  178.   96.  177.]
 [   0.    0.    0.    0.    0.    0.    0.    0.    0.    0.    0.    0.
   228.  108.   48.  138.  177.  114.  237.]
 [   0.    0.    0.    0.    0.    0.    0.    0.    0.    0.    0.    0.
     0.  256.  112.  131.  135.  128.  145.]
 [   0.    0.    0.    0.    0.    0.    0.    0.    0.    0.    0.    0.
     0.    0.  202.   49.  146.   87.  163.]
 [   0.    0.    0.    0.    0.    0.    0.    0.    0.    0.    0.    0.
     0.    0.    0.  210.  184.  144.   53.]
 [   0.    0.    0.    0.    0.    0.    0.    0.    0.    0.    0.    0.
     0.    0.    0.  159.   85.   10.  104.]
 [   0.    0.    0.    0.    0.    0.    0.    0.    0.    0.    0.    0.
     0.    0.    0.  116.  111.  242.  177.]]
[[   1.    1.    1.    1.    1.    1.    1.    1.    1.    1.    1.    1.
     1.    1.    1.    1.    1.    1.   18.]
 [   0.  248.   63.    1.  240.  127.    3.  224.  255.    7.  192.  254.
    15.  128.  252.   31.    0.   82.  232.]
 [   0.    0.  206.  109.  188.  193.  222.  129.   17.  157.   17.   57.
   109.   96.  144.   42.    7.  175.  180.]
 [   0.    0.    0.  250.  169.   15.  250.  119.  221.  120.  187.   36.
   127.  107.   81.  235.   27.    8.  127.]
 [   0.    0.    0.    0.  229.   71.   98.  162.  103.  255.   88.    6.
    35.  172.  216.  255.   34.  155.   15.]
 [   0.    0.    0.    0.    0.  202.  186.  196.  118.  117.  223.  234.
   227.  120.  243.   78.  129.   33.  125.]
 [   0.    0.    0.    0.    0.    0.  221.   51.  218.  184.  136.   69.
    89.  253.  228.    9.  140.  233.  157.]
 [   0.    0.    0.    0.    0.    0.    0.  248.   50.   76.   17.   85.
   208.   68.  203.  152.  137.  186.  148.]
 [   0.    0.    0.    0.    0.    0.    0.    0.  245.  213.  181.  207.
    52.   43.  116.   84.   35.   65.  168.]
 [   0.    0.    0.    0.    0.    0.    0.    0.    0.  231.  208.  150.
   112.   91.  188.  114.  137.  233.   94.]
 [   0.    0.    0.    0.    0.    0.    0.    0.    0.    0.  218.  237.
   147.  253.  198.  129.   83.  144.   98.]
 [   0.    0.    0.    0.    0.    0.    0.    0.    0.    0.    0.  199.
   242.  203.   38.  193.  178.   96.  177.]
 [   0.    0.    0.    0.    0.    0.    0.    0.    0.    0.    0.    0.
   228.  108.   48.  138.  177.  114.  237.]
 [   0.    0.    0.    0.    0.    0.    0.    0.    0.    0.    0.    0.
     0.  256.  112.  131.  135.  128.  145.]
 [   0.    0.    0.    0.    0.    0.    0.    0.    0.    0.    0.    0.
     0.    0.  202.   49.  146.   87.  163.]
 [   0.    0.    0.    0.    0.    0.    0.    0.    0.    0.    0.    0.
     0.    0.    0.  210.  184.  144.   53.]
 [   0.    0.    0.    0.    0.    0.    0.    0.    0.    0.    0.    0.
     0.    0.    0.    0.  188.  180.  163.]
 [   0.    0.    0.    0.    0.    0.    0.    0.    0.    0.    0.    0.
     0.    0.    0.    0.   73.   67.   18.]]
[[   1.    1.    1.    1.    1.    1.    1.    1.    1.    1.    1.    1.
     1.    1.    1.    1.    1.    1.   18.]
 [   0.  248.   63.    1.  240.  127.    3.  224.  255.    7.  192.  254.
    15.  128.  252.   31.    0.   82.  232.]
 [   0.    0.  206.  109.  188.  193.  222.  129.   17.  157.   17.   57.
   109.   96.  144.   42.    7.  175.  180.]
 [   0.    0.    0.  250.  169.   15.  250.  119.  221.  120.  187.   36.
   127.  107.   81.  235.   27.    8.  127.]
 [   0.    0.    0.    0.  229.   71.   98.  162.  103.  255.   88.    6.
    35.  172.  216.  255.   34.  155.   15.]
 [   0.    0.    0.    0.    0.  202.  186.  196.  118.  117.  223.  234.
   227.  120.  243.   78.  129.   33.  125.]
 [   0.    0.    0.    0.    0.    0.  221.   51.  218.  184.  136.   69.
    89.  253.  228.    9.  140.  233.  157.]
 [   0.    0.    0.    0.    0.    0.    0.  248.   50.   76.   17.   85.
   208.   68.  203.  152.  137.  186.  148.]
 [   0.    0.    0.    0.    0.    0.    0.    0.  245.  213.  181.  207.
    52.   43.  116.   84.   35.   65.  168.]
 [   0.    0.    0.    0.    0.    0.    0.    0.    0.  231.  208.  150.
   112.   91.  188.  114.  137.  233.   94.]
 [   0.    0.    0.    0.    0.    0.    0.    0.    0.    0.  218.  237.
   147.  253.  198.  129.   83.  144.   98.]
 [   0.    0.    0.    0.    0.    0.    0.    0.    0.    0.    0.  199.
   242.  203.   38.  193.  178.   96.  177.]
 [   0.    0.    0.    0.    0.    0.    0.    0.    0.    0.    0.    0.
   228.  108.   48.  138.  177.  114.  237.]
 [   0.    0.    0.    0.    0.    0.    0.    0.    0.    0.    0.    0.
     0.  256.  112.  131.  135.  128.  145.]
 [   0.    0.    0.    0.    0.    0.    0.    0.    0.    0.    0.    0.
     0.    0.  202.   49.  146.   87.  163.]
 [   0.    0.    0.    0.    0.    0.    0.    0.    0.    0.    0.    0.
     0.    0.    0.  210.  184.  144.   53.]
 [   0.    0.    0.    0.    0.    0.    0.    0.    0.    0.    0.    0.
     0.    0.    0.    0.  188.  180.  163.]
 [   0.    0.    0.    0.    0.    0.    0.    0.    0.    0.    0.    0.
     0.    0.    0.    0.    0.  101.  183.]]
[153.0, 98.0, 121.0, 201.0, 109.0, 206.0, 234.0, 70.0, 3.0, 203.0, 19.0, 68.0, 50.0, 213.0, 190.0, 211.0, 198.0, 241.0]
