(18, 19)
[[   1.    1.    1.    1.    1.    1.    1.    1.    1.    1.    1.    1.
     1.    1.    1.    1.    1.    1.   18.]
 [   0.  248.   63.    1.  240.  127.    3.  224.  255.    7.  192.  254.
    15.  128.  252.   31.    0.   82.  232.]
 [   0.    0.  206.  109.  188.  193.  222.  129.   17.  157.   17.   57.
   109.   96.  144.   42.    7.  175.  180.]
 [   0.    0.    0.  250.  169.   15.  250.  119.  221.  120.  187.   36.
   127.  107.   81.  235.   27.    8.  127.]
 [   0.    0.    0.    0.  229.   71.   98.  162.  103.  255.   88.    6.
    35.  172.  216.  255.   34.  155.   15.]
 [   0.    0.    0.    0.    0.  202.  186.  196.  118.  117.  223.  234.
   227.  120.  243.   78.  129.   33.  125.]
 [   0.    0.    0.    0.    0.    0.  221.   51.  218.  184.  136.   69.
    89.  253.  228.    9.  140.  233.  157.]
 [   0.    0.    0.    0.    0.    0.    0.  248.   50.   76.   17.   85.
   208.   68.  203.  152.  137.  186.  148.]
 [   0.    0.    0.    0.    0.    0.    0.    0.  245.  213.  181.  207.
    52.   43.  116.   84.   35.   65.  168.]
 [   0.    0.    0.    0.    0.    0.    0.    0.    0.  231.  208.  150.
   112.   91.  188.  114.  137.  233.   94.]
 [   0.    0.    0.    0.    0.    0.    0.    0.    0.    0.  218.  237.
   147.  253.  198.  129.   83.  144.   98.]
 [   0.    0.    0.    0.    0.    0.    0.    0.    0.    0.    0.  199.
   242.  203.   38.  193.  178.   96.  177.]
 [   0.    0.    0.    0.    0.    0.    0.    0.    0.    0.    0.    0.
   228.  108.   48.  138.  177.  114.  237.]
 [   0.    0.    0.    0.    0.    0.    0.    0.    0.    0.    0.    0.
     0.  256.  112.  131.  135.  128.  145.]
 [   0.    0.    0.    0.    0.    0.    0.    0.    0.    0.    0.    0.
     0.    0.  202.   49.  146.   87.  163.]
 [   0.    0.    0.    0.    0.    0.    0.    0.    0.    0.    0.    0.
     0.    0.    0.  210.  184.  144.   53.]
 [   0.    0.    0.    0.    0.    0.    0.    0.    0.    0.    0.    0.
     0.    0.    0.    0.  188.  180.  163.]
 [   0.    0.    0.    0.    0.    0.    0.    0.    0.    0.    0.    0.
     0.    0.    0.    0.    0.  101.  183.]]
[153.0, 98.0, 121.0, 201.0, 109.0, 206.0, 234.0, 70.0, 3.0, 203.0, 19.0, 68.0, 50.0, 213.0, 190.0, 211.0, 198.0, 241.0]
